37
Bbelcheri.XP_019628305.1                                  0.0000000 8.2832651 3.2338027 4.4585514 3.6433929 4.0118782 2.8440853 4.1167305 4.1151146 3.3162372 6.7269661 3.4467984 3.1522673 3.5373852 2.9708679 3.8435386 3.3982287 3.2931556 3.3121532 3.2303327 3.4213186 3.2897333 3.3838200 3.3021147 3.3502316 3.2277640 3.3624798 3.1105970 3.1687320 3.2410802 3.4674557 3.1961681 3.0385179 2.9450025 2.9809047 3.3880022 3.0588341 
Bbelcheri.XP_019639141.1                                  8.2832651 0.0000000 3.1856612 4.7377456 3.1391100 3.2731280 4.5699213 3.7354290 3.1180206 3.0006478 5.0118443 2.9354876 4.6190782 3.3052652 2.8305287 2.5892363 3.0070192 3.0925203 3.3561947 3.4911310 3.4428652 2.8122343 3.0740290 2.8879305 2.8763179 2.8270922 3.0821026 2.7503499 2.8823886 2.9451383 3.0158295 2.9680955 2.7047294 2.7010829 2.6034896 2.8544117 2.6600500 
Myessoensis.XP_021366399.1                                3.2338027 3.1856612 0.0000000 2.3301886 2.2598577 2.1321462 2.6958674 2.1709452 1.9407936 1.8418724 2.7859819 1.8266368 2.0982687 1.9336621 1.8088524 2.2414467 1.7583423 1.8108897 1.9416205 1.8445191 1.7893840 1.9342974 2.0073365 1.6213348 1.8101664 1.7889106 1.7985906 1.6971445 1.7628678 1.7755024 1.8340011 1.8074279 1.6886184 1.7155035 1.7588778 1.8377305 1.7479969 
Bbelcheri.XP_019644417.1                                  4.4585514 4.7377456 2.3301886 0.0000000 2.3609376 3.1850649 2.6858212 3.3190898 1.9597545 2.1719801 4.8981568 2.0954423 2.4189250 2.2006461 2.0484526 2.8740190 2.0760338 2.0546036 2.1719489 2.0760031 1.9908582 2.0374288 2.0693361 1.9334826 2.0591494 1.9153766 2.0369682 2.0080979 2.1109855 2.1201304 2.0206675 1.9817768 1.9771313 1.9177480 1.8338912 1.9269362 1.8411367 
Hsapiens.NP_002205.1_integrin_beta-8_precursor            3.6433929 3.1391100 2.2598577 2.3609376 0.0000000 2.1570533 2.6990215 2.2475759 2.0202042 2.1298822 2.8023759 1.9865355 2.6064138 2.0788886 1.8495213 1.9551403 1.8696772 2.0318516 2.0464969 2.0703518 1.9164746 1.8219583 2.0099227 1.8488357 1.8150290 1.8316610 1.8014595 1.4920869 1.5689759 1.6769616 1.9871217 1.9472817 1.6212313 1.7582436 1.7093587 1.7679802 1.5355278 
Hsapiens.NP_000204.3_integrin_beta-4_isoform_1_precursor  4.0118782 3.2731280 2.1321462 3.1850649 2.1570533 0.0000000 2.4437143 3.7544923 1.9823988 2.0231541 3.2110471 1.9519471 2.6469382 2.1319332 1.7470003 2.0352124 1.8259971 1.8662468 1.9401742 1.9994231 2.0324078 1.9044196 1.9878815 1.7840314 1.9523759 1.9383858 1.9835345 1.7813766 1.7284089 1.8194452 1.8756027 1.8777058 1.6578795 1.6893954 1.6294057 1.9075521 1.5842335 
Myessoensis.XP_021365423.1                                2.8440853 4.5699213 2.6958674 2.6858212 2.6990215 2.4437143 0.0000000 2.5260929 2.5147886 2.3738657 6.9828777 2.7303303 2.3138805 2.3341818 2.4441945 1.8210361 2.3510819 2.4359815 2.3373843 2.3461105 2.5311230 2.6271878 2.5805105 1.9616883 2.5659798 2.6694336 2.5255229 2.4433249 2.3267283 2.5677752 2.4080640 2.2390764 2.0851099 2.1232280 2.2068207 2.0592551 2.0090905 
Bbelcheri.XP_019635075.1                                  4.1167305 3.7354290 2.1709452 3.3190898 2.2475759 3.7544923 2.5260929 0.0000000 2.2545878 2.0833005 3.3920801 1.7029058 2.5027125 2.0920910 1.8565249 2.2279356 1.8264602 1.7960047 1.9844282 1.8413859 1.9233272 1.9667819 2.1382584 1.7581751 1.9168459 1.6872977 1.9031556 1.9468578 1.8530527 2.0342513 1.8343537 1.8636473 1.6005160 1.6584872 1.6057605 1.7285398 1.5546539 
Hvulgaris.XP_012556143.1                                  4.1151146 3.1180206 1.9407936 1.9597545 2.0202042 1.9823988 2.5147886 2.2545878 0.0000000 1.6659202 2.6401986 1.6473670 1.6897721 1.5442156 1.6020230 1.6766857 1.6154348 1.5046635 1.6282998 1.5490401 1.2267313 1.6362827 1.6640387 1.6615867 1.3189880 1.3769457 1.4673421 1.6540927 1.7129534 1.6406408 1.6624705 1.4683772 1.4782050 1.3501640 1.4437896 1.6004786 1.5215150 
Dgigantea.XP_028399538.1                                  3.3162372 3.0006478 1.8418724 2.1719801 2.1298822 2.0231541 2.3738657 2.0833005 1.6659202 0.0000000 2.9496137 1.2970102 2.5991457 1.7605781 1.2121966 1.3763216 1.2369932 1.6181041 1.6309564 1.7492414 1.4980618 1.7223948 1.8395037 1.4908727 1.5251420 1.6414382 1.7118155 1.6562069 1.6316619 1.6596337 1.6315636 1.5653965 1.4433459 1.4563773 1.5145412 1.6659965 1.4420908 
Bbelcheri.XP_019644414.1                                  6.7269661 5.0118443 2.7859819 4.8981568 2.8023759 3.2110471 6.9828777 3.3920801 2.6401986 2.9496137 0.0000000 2.6503558 5.4845145 2.7460109 2.6800290 1.9327951 2.6640643 2.8618986 3.0785624 3.2962744 2.6809977 2.7340228 2.8175390 2.6556775 2.5589335 2.6496831 2.7224712 2.4724168 2.3711391 2.4296827 2.5459727 2.5003601 2.6599502 2.1956594 2.3149302 2.4061173 2.2916512 
Hvulgaris.XP_002159375.3                                  3.4467984 2.9354876 1.8266368 2.0954423 1.9865355 1.9519471 2.7303303 1.7029058 1.6473670 1.2970102 2.6503558 0.0000000 2.4523447 1.6357686 1.0138671 1.0897436 1.0760532 1.6060324 1.5978028 1.7185085 1.3683095 1.4809666 1.5298851 1.2932086 1.4574887 1.6073267 1.5629872 1.5964212 1.3928625 1.5772880 1.4305331 1.4170837 1.3070092 1.2896075 1.2072140 1.6128180 1.3188794 
Myessoensis.XP_021360936.1                                3.1522673 4.6190782 2.0982687 2.4189250 2.6064138 2.6469382 2.3138805 2.5027125 1.6897721 2.5991457 5.4845145 2.4523447 0.0000000 2.6138994 2.4934917 1.7953037 2.5030183 2.5900407 2.6122268 2.5559359 2.1861557 2.2602897 2.4727992 1.9614212 2.5306073 2.4027663 2.2719997 2.2075178 2.0743822 2.3397670 2.6421751 2.3153393 2.2117035 2.1738587 2.2406942 1.8446878 1.8932796 
Dgigantea.XP_028397583.1                                  3.5373852 3.3052652 1.9336621 2.2006461 2.0788886 2.1319332 2.3341818 2.0920910 1.5442156 1.7605781 2.7460109 1.6357686 2.6138994 0.0000000 1.5388098 1.5016865 1.6958957 0.8728229 0.9366333 0.9344558 1.4652261 1.6437702 1.8353540 1.5817329 1.3344764 1.4809164 1.5411179 1.6897889 1.6833635 1.6843509 1.6336635 1.5750102 1.4736040 1.5654849 1.4694805 1.6223652 1.4820407 
Nvectensis.XP_032222766.1                                 2.9708679 2.8305287 1.8088524 2.0484526 1.8495213 1.7470003 2.4441945 1.8565249 1.6020230 1.2121966 2.6800290 1.0138671 2.4934917 1.5388098 0.0000000 1.1426775 0.7564060 1.5149791 1.5462294 1.6184287 1.3300850 1.4880237 1.5923236 1.2943705 1.3019365 1.3966616 1.4520643 1.4524296 1.4092269 1.4872999 1.3911479 1.4001844 1.3187105 1.2162167 1.2041458 1.4484794 1.2265635 
Nvectensis.XP_032227253.1                                 3.8435386 2.5892363 2.2414467 2.8740190 1.9551403 2.0352124 1.8210361 2.2279356 1.6766857 1.3763216 1.9327951 1.0897436 1.7953037 1.5016865 1.1426775 0.0000000 0.2015693 1.4875008 1.6325050 1.1130414 1.6650581 1.8575251 1.9612920 1.9418507 1.6379214 1.3606369 1.6731668 1.5733264 1.7735442 1.7159078 1.4207892 1.7780865 1.4803396 1.6165194 1.9009727 1.7419195 1.4809363 
Nvectensis.XP_032230968.1                                 3.3982287 3.0070192 1.7583423 2.0760338 1.8696772 1.8259971 2.3510819 1.8264602 1.6154348 1.2369932 2.6640643 1.0760532 2.5030183 1.6958957 0.7564060 0.2015693 0.0000000 1.4699771 1.5633373 1.5805800 1.3946178 1.6376339 1.6954982 1.3416030 1.4042988 1.4085708 1.4608356 1.3825892 1.4895331 1.5470054 1.4228014 1.4945233 1.3717922 1.2376817 1.2844947 1.4411390 1.3070927 
Dgigantea.XP_028399547.1                                  3.2931556 3.0925203 1.8108897 2.0546036 2.0318516 1.8662468 2.4359815 1.7960047 1.5046635 1.6181041 2.8618986 1.6060324 2.5900407 0.8728229 1.5149791 1.4875008 1.4699771 0.0000000 0.2043749 0.2199763 1.4283617 1.5410440 1.6751995 1.5453928 1.2442116 1.4073759 1.4285910 1.6057980 1.6225497 1.7235546 1.6282354 1.5545392 1.3982681 1.4780967 1.5589289 1.6210299 1.4432197 
Dgigantea.XP_028399504.1                                  3.3121532 3.3561947 1.9416205 2.1719489 2.0464969 1.9401742 2.3373843 1.9844282 1.6282998 1.6309564 3.0785624 1.5978028 2.6122268 0.9366333 1.5462294 1.6325050 1.5633373 0.2043749 0.0000000 0.1345862 1.4543566 1.6053028 1.7826154 1.6196983 1.3722506 1.4085502 1.4877137 1.7086342 1.7298444 1.8855658 1.7579249 1.6548992 1.5296224 1.5812282 1.6200271 1.6911426 1.5652742 
Dgigantea.XP_028399622.1                                  3.2303327 3.4911310 1.8445191 2.0760031 2.0703518 1.9994231 2.3461105 1.8413859 1.5490401 1.7492414 3.2962744 1.7185085 2.5559359 0.9344558 1.6184287 1.1130414 1.5805800 0.2199763 0.1345862 0.0000000 1.3932048 1.6330271 1.8561165 1.5710600 1.3754610 1.4831858 1.5001404 1.8255546 1.7702415 1.8646391 1.7332796 1.6433250 1.5157733 1.5776979 1.5885172 1.5793605 1.5292782 
Hvulgaris.XP_012561761.1                                  3.4213186 3.4428652 1.7893840 1.9908582 1.9164746 2.0324078 2.5311230 1.9233272 1.2267313 1.4980618 2.6809977 1.3683095 2.1861557 1.4652261 1.3300850 1.6650581 1.3946178 1.4283617 1.4543566 1.3932048 0.0000000 1.4816788 1.7184424 1.4169852 1.2114388 1.2969159 1.3662307 1.5247059 1.4737837 1.6151569 1.4071518 1.3959246 1.3540289 1.2863865 1.3282058 1.4366591 1.2869246 
Hsapiens.NP_000202.3_integrin_beta-2_isoform_1_precursor  3.2897333 2.8122343 1.9342974 2.0374288 1.8219583 1.9044196 2.6271878 1.9667819 1.6362827 1.7223948 2.7340228 1.4809666 2.2602897 1.6437702 1.4880237 1.8575251 1.6376339 1.5410440 1.6053028 1.6330271 1.4816788 0.0000000 1.0601251 1.5468928 1.4422690 1.4475263 1.4844205 1.5625800 1.4511028 1.6364697 1.6690962 1.4292973 1.1405400 1.3866232 1.3492436 1.4763481 1.3605818 
Hsapiens.NP_000880.1_integrin_beta-7_precursor            3.3838200 3.0740290 2.0073365 2.0693361 2.0099227 1.9878815 2.5805105 2.1382584 1.6640387 1.8395037 2.8175390 1.5298851 2.4727992 1.8353540 1.5923236 1.9612920 1.6954982 1.6751995 1.7826154 1.8561165 1.7184424 1.0601251 0.0000000 1.4983147 1.5612255 1.6446047 1.6548236 1.5266531 1.4497111 1.4422339 1.7013063 1.5863854 1.1265465 1.4536899 1.3102193 1.5112194 1.3363884 
Myessoensis.XP_021366395.1                                3.3021147 2.8879305 1.6213348 1.9334826 1.8488357 1.7840314 1.9616883 1.7581751 1.6615867 1.4908727 2.6556775 1.2932086 1.9614212 1.5817329 1.2943705 1.9418507 1.3416030 1.5453928 1.6196983 1.5710600 1.4169852 1.5468928 1.4983147 0.0000000 1.4108793 1.4889903 1.5095511 1.5082536 1.3568817 1.4433096 1.3118514 1.3491652 1.2107034 1.1829247 1.0938516 1.4357008 1.2526362 
Nvectensis.XP_032218281.1                                 3.3502316 2.8763179 1.8101664 2.0591494 1.8150290 1.9523759 2.5659798 1.9168459 1.3189880 1.5251420 2.5589335 1.4574887 2.5306073 1.3344764 1.3019365 1.6379214 1.4042988 1.2442116 1.3722506 1.3754610 1.2114388 1.4422690 1.5612255 1.4108793 0.0000000 0.7141641 0.7635749 1.4086687 1.4049053 1.4335004 1.4276486 1.3223453 1.3023143 1.1930893 1.2009951 1.4647900 1.2141296 
Nvectensis.XP_032218900.1                                 3.2277640 2.8270922 1.7889106 1.9153766 1.8316610 1.9383858 2.6694336 1.6872977 1.3769457 1.6414382 2.6496831 1.6073267 2.4027663 1.4809164 1.3966616 1.3606369 1.4085708 1.4073759 1.4085502 1.4831858 1.2969159 1.4475263 1.6446047 1.4889903 0.7141641 0.0000000 0.0517116 1.4750514 1.4726253 1.5983790 1.5670750 1.4193418 1.5016595 1.3299795 1.3299553 1.5021374 1.3767813 
Nvectensis.XP_032224682.1                                 3.3624798 3.0821026 1.7985906 2.0369682 1.8014595 1.9835345 2.5255229 1.9031556 1.4673421 1.7118155 2.7224712 1.5629872 2.2719997 1.5411179 1.4520643 1.6731668 1.4608356 1.4285910 1.4877137 1.5001404 1.3662307 1.4844205 1.6548236 1.5095511 0.7635749 0.0517116 0.0000000 1.5148944 1.5271307 1.6561087 1.5984366 1.5052854 1.5120426 1.3753296 1.4037904 1.5508155 1.4217148 
Hsapiens.NP_000879.2_integrin_beta-6_isoform_a_precursor  3.1105970 2.7503499 1.6971445 2.0080979 1.4920869 1.7813766 2.4433249 1.9468578 1.6540927 1.6562069 2.4724168 1.5964212 2.2075178 1.6897889 1.4524296 1.5733264 1.3825892 1.6057980 1.7086342 1.8255546 1.5247059 1.5625800 1.5266531 1.5082536 1.4086687 1.4750514 1.5148944 0.0000000 0.9611073 1.0326175 1.4957559 1.4248903 1.3057880 1.2906583 1.2056356 1.4467031 1.1972435 
Hsapiens.NP_000203.2_integrin_beta-3_precursor            3.1687320 2.8823886 1.7628678 2.1109855 1.5689759 1.7284089 2.3267283 1.8530527 1.7129534 1.6316619 2.3711391 1.3928625 2.0743822 1.6833635 1.4092269 1.7735442 1.4895331 1.6225497 1.7298444 1.7702415 1.4737837 1.4511028 1.4497111 1.3568817 1.4049053 1.4726253 1.5271307 0.9611073 0.0000000 0.8055700 1.3812484 1.3248853 1.1789906 1.1854811 1.1276584 1.3732973 1.1773487 
Hsapiens.NP_002204.2_integrin_beta-5_isoform_a_precursor  3.2410802 2.9451383 1.7755024 2.1201304 1.6769616 1.8194452 2.5677752 2.0342513 1.6406408 1.6596337 2.4296827 1.5772880 2.3397670 1.6843509 1.4872999 1.7159078 1.5470054 1.7235546 1.8855658 1.8646391 1.6151569 1.6364697 1.4422339 1.4433096 1.4335004 1.5983790 1.6561087 1.0326175 0.8055700 0.0000000 1.5115179 1.3949069 1.2915219 1.2701108 1.2489119 1.4555696 1.3067693 
Aplanci.XP_022079796.1                                    3.4674557 3.0158295 1.8340011 2.0206675 1.9871217 1.8756027 2.4080640 1.8343537 1.6624705 1.6315636 2.5459727 1.4305331 2.6421751 1.6336635 1.3911479 1.4207892 1.4228014 1.6282354 1.7579249 1.7332796 1.4071518 1.6690962 1.7013063 1.3118514 1.4276486 1.5670750 1.5984366 1.4957559 1.3812484 1.5115179 0.0000000 1.2826158 1.3261425 1.0735739 1.1361505 1.4518361 1.2893370 
Aplanci.XP_022083289.1                                    3.1961681 2.9680955 1.8074279 1.9817768 1.9472817 1.8777058 2.2390764 1.8636473 1.4683772 1.5653965 2.5003601 1.4170837 2.3153393 1.5750102 1.4001844 1.7780865 1.4945233 1.5545392 1.6548992 1.6433250 1.3959246 1.4292973 1.5863854 1.3491652 1.3223453 1.4193418 1.5052854 1.4248903 1.3248853 1.3949069 1.2826158 0.0000000 1.2588932 0.9123848 1.1622277 1.3654267 1.2349841 
Hsapiens.NP_002202.2_integrin_beta-1_isoform_1A_precursor 3.0385179 2.7047294 1.6886184 1.9771313 1.6212313 1.6578795 2.0851099 1.6005160 1.4782050 1.4433459 2.6599502 1.3070092 2.2117035 1.4736040 1.3187105 1.4803396 1.3717922 1.3982681 1.5296224 1.5157733 1.3540289 1.1405400 1.1265465 1.2107034 1.3023143 1.5016595 1.5120426 1.3057880 1.1789906 1.2915219 1.3261425 1.2588932 0.0000000 1.1578842 0.9179710 1.3248338 1.1389168 
Aplanci.XP_022079781.1                                    2.9450025 2.7010829 1.7155035 1.9177480 1.7582436 1.6893954 2.1232280 1.6584872 1.3501640 1.4563773 2.1956594 1.2896075 2.1738587 1.5654849 1.2162167 1.6165194 1.2376817 1.4780967 1.5812282 1.5776979 1.2863865 1.3866232 1.4536899 1.1829247 1.1930893 1.3299795 1.3753296 1.2906583 1.1854811 1.2701108 1.0735739 0.9123848 1.1578842 0.0000000 0.9264257 1.1348377 1.0285441 
Bbelcheri.XP_019635082.1                                  2.9809047 2.6034896 1.7588778 1.8338912 1.7093587 1.6294057 2.2068207 1.6057605 1.4437896 1.5145412 2.3149302 1.2072140 2.2406942 1.4694805 1.2041458 1.9009727 1.2844947 1.5589289 1.6200271 1.5885172 1.3282058 1.3492436 1.3102193 1.0938516 1.2009951 1.3299553 1.4037904 1.2056356 1.1276584 1.2489119 1.1361505 1.1622277 0.9179710 0.9264257 0.0000000 1.1597263 0.9200030 
Bbelcheri.XP_019615353.1                                  3.3880022 2.8544117 1.8377305 1.9269362 1.7679802 1.9075521 2.0592551 1.7285398 1.6004786 1.6659965 2.4061173 1.6128180 1.8446878 1.6223652 1.4484794 1.7419195 1.4411390 1.6210299 1.6911426 1.5793605 1.4366591 1.4763481 1.5112194 1.4357008 1.4647900 1.5021374 1.5508155 1.4467031 1.3732973 1.4555696 1.4518361 1.3654267 1.3248338 1.1348377 1.1597263 0.0000000 0.8392870 
Bbelcheri.XP_019623785.1                                  3.0588341 2.6600500 1.7479969 1.8411367 1.5355278 1.5842335 2.0090905 1.5546539 1.5215150 1.4420908 2.2916512 1.3188794 1.8932796 1.4820407 1.2265635 1.4809363 1.3070927 1.4432197 1.5652742 1.5292782 1.2869246 1.3605818 1.3363884 1.2526362 1.2141296 1.3767813 1.4217148 1.1972435 1.1773487 1.3067693 1.2893370 1.2349841 1.1389168 1.0285441 0.9200030 0.8392870 0.0000000 
